-1.523984734712927926e-02 2.161691548735757834e-02
-1.595810539584821899e-02 2.071112404964069870e-02
-1.676725123930361896e-02 1.989325934209338134e-02
-1.770580029020837887e-02 1.922591131480553758e-02
-1.877369599192751926e-02 1.881015162822233938e-02
-1.987883932870836146e-02 1.891300237008737908e-02
-2.021109792723251725e-02 1.995020749050929743e-02
-1.988759712324689871e-02 2.103723969454895926e-02
-1.926968347953317978e-02 2.200850879118983888e-02
-1.849018997912819928e-02 2.285953940935805950e-02
-1.758144247323372225e-02 2.356752597452105996e-02
-1.656659150302512012e-02 2.410569220568574075e-02
-1.544470146348719992e-02 2.425710391072260011e-02
-1.470333549970074052e-02 2.350809790643682007e-02
-1.488448680811668007e-02 2.237774630549069915e-02
-1.523984734712927926e-02 2.161691548735757834e-02
-9.723366270156959951e-03 2.036389784273111986e-02
-1.003653024082259981e-02 2.105404984271249877e-02
-9.917377998582060580e-03 2.215887986907887769e-02
-9.387056672861580214e-03 2.317935026880455981e-02
-8.653663972419300271e-03 2.407087278056543878e-02
-7.794792621747360234e-03 2.484286267635858053e-02
-6.802343405078400268e-03 2.543478982004915984e-02
-5.696291858889281773e-03 2.574035879885357841e-02
-4.719621085594661800e-03 2.531530777987620051e-02
-4.669873629882186072e-03 2.419451277824741925e-02
-5.113267951070291431e-03 2.313478325607125699e-02
-5.820647982385613803e-03 2.222226707100041776e-02
-6.622040695306139965e-03 2.139690179142473767e-02
-7.555063577614140428e-03 2.072175347860055750e-02
-8.617311823723439179e-03 2.029245622648967809e-02
-9.723366270156959951e-03 2.036389784273111986e-02
-9.790402159870198809e-03 1.426883850859145958e-02
-8.870262405848398576e-03 1.496102850414869970e-02
-7.842997285149118716e-03 1.546753391269523915e-02
-6.726269824531620062e-03 1.555671359110601983e-02
-6.093647295839399632e-03 1.474086880358861998e-02
-6.310494318100199652e-03 1.362013005106283911e-02
-6.883534064058179081e-03 1.262456433567779937e-02
-7.601792112777118818e-03 1.171877289796091973e-02
-8.470690506256260341e-03 1.095871404166253935e-02
-9.451828097855760613e-03 1.035148049915339888e-02
-1.056324706327025839e-02 1.004005081088388089e-02
-1.145126860692977956e-02 1.057009935624089909e-02
-1.153125770795658013e-02 1.169227380353028006e-02
-1.106673541228097961e-02 1.274608246432619961e-02
-1.037409622042007908e-02 1.366804115396051851e-02
-9.790402159870198809e-03 1.426883850859145958e-02
-9.723366270156959951e-03 2.036389784273111986e-02
