====================================================================================
                    PARAMÈTRES DE FOURIER - FICHIER : cadre.txt
====================================================================================

--- 1. INFORMATIONS GÉNÉRALES ---
Nombre de cercles / moteurs : 25
Période de rotation (T)      : 0.1000 secondes
Position initiale (t=0)     : X0 = 0.000061, Y0 = 0.000953

--- 2. DÉTAIL DES MOTEURS / BARRES ---
Moteur N°  | Longueur barre     | Vitesse (rad/s)    | Phase t=0 (rad)    | Phase t=0 (deg)
--------------------------------------------------------------------------------------------
1          | 0.028343           | 0.000000           | 1.525931           | 87.43         
2          | 0.021126           | -125.663706        | -1.321229          | -75.70        
3          | 0.008435           | -62.831853         | -2.879982          | -165.01       
4          | 0.003414           | 251.327412         | -2.365621          | -135.54       
5          | 0.002851           | 188.495559         | 1.873967           | 107.37        
6          | 0.002328           | -251.327412        | -2.334615          | -133.76       
7          | 0.002249           | -188.495559        | -0.769261          | -44.08        
8          | 0.002123           | 125.663706         | -0.531696          | -30.46        
9          | 0.001913           | 62.831853          | -0.293360          | -16.81        
10         | 0.001305           | 376.991118         | 1.318504           | 75.54         
11         | 0.001227           | 314.159265         | -0.450166          | -25.79        
12         | 0.001083           | -376.991118        | -1.106588          | -63.40        
13         | 0.001030           | -314.159265        | 2.083480           | 119.37        
14         | 0.000768           | -439.822972        | 2.704651           | 154.97        
15         | 0.000631           | -502.654825        | 0.355475           | 20.37         
16         | 0.000568           | 439.822972         | -1.225187          | -70.20        
17         | 0.000400           | 628.318531         | -2.970657          | -170.21       
18         | 0.000342           | 816.814090         | -1.169237          | -66.99        
19         | 0.000310           | -628.318531        | -3.132417          | -179.47       
20         | 0.000287           | -565.486678        | 0.031047           | 1.78          
21         | 0.000224           | -1068.141502       | -1.295846          | -74.25        
22         | 0.000219           | 753.982237         | -0.355841          | -20.39        
23         | 0.000218           | 691.150384         | -2.037382          | -116.73       
24         | 0.000199           | 502.654825         | 1.149726           | 65.87         
25         | 0.000193           | -816.814090        | -2.252642          | -129.07       
--------------------------------------------------------------------------------------------
